#Lifetime [years]    Confidence level
2.5e+32	1
5e+32	1
7.5e+32	1
1e+33	1
1.25e+33	1
1.5e+33	1
1.75e+33	1
2e+33	1
2.25e+33	1
2.5e+33	1
2.75e+33	1
3e+33	1
3.25e+33	1
3.5e+33	1
3.75e+33	1
4e+33	0.999999
4.25e+33	0.999998
4.5e+33	0.999995
4.75e+33	0.999991
5e+33	0.999984
5.25e+33	0.999974
5.5e+33	0.999958
5.75e+33	0.999935
6e+33	0.999904
6.25e+33	0.999862
6.5e+33	0.999807
6.75e+33	0.999736
7e+33	0.999647
7.25e+33	0.999537
7.5e+33	0.999404
7.75e+33	0.999245
8e+33	0.999057
8.25e+33	0.998838
8.5e+33	0.998586
8.75e+33	0.998298
9e+33	0.997972
9.25e+33	0.997606
9.5e+33	0.997198
9.75e+33	0.996747
1e+34	0.996251
1.025e+34	0.995709
1.05e+34	0.99512
1.075e+34	0.994483
1.1e+34	0.993797
1.125e+34	0.993061
1.15e+34	0.992276
1.175e+34	0.991441
1.2e+34	0.990556
1.225e+34	0.989621
1.25e+34	0.988636
1.275e+34	0.987601
1.3e+34	0.986517
1.325e+34	0.985384
1.35e+34	0.984202
1.375e+34	0.982973
1.4e+34	0.981698
1.425e+34	0.980376
1.45e+34	0.979009
1.475e+34	0.977597
1.5e+34	0.976142
1.525e+34	0.974645
1.55e+34	0.973106
1.575e+34	0.971527
1.6e+34	0.969909
1.625e+34	0.968252
1.65e+34	0.966558
1.675e+34	0.964828
1.7e+34	0.963063
1.725e+34	0.961265
1.75e+34	0.959433
1.775e+34	0.95757
1.8e+34	0.955676
1.825e+34	0.953753
1.85e+34	0.951802
1.875e+34	0.949823
1.9e+34	0.947818
1.925e+34	0.945788
1.95e+34	0.943734
1.975e+34	0.941656
2e+34	0.939557
2.025e+34	0.937436
2.05e+34	0.935295
2.075e+34	0.933135
2.1e+34	0.930956
2.125e+34	0.92876
2.15e+34	0.926548
2.175e+34	0.924319
2.2e+34	0.922076
2.225e+34	0.919819
2.25e+34	0.917549
2.275e+34	0.915266
2.3e+34	0.912971
2.325e+34	0.910665
2.35e+34	0.908349
2.375e+34	0.906023
2.4e+34	0.903689
2.425e+34	0.901346
2.45e+34	0.898996
2.475e+34	0.896638
2.5e+34	0.894275
2.525e+34	0.891905
2.55e+34	0.88953
2.575e+34	0.88715
2.6e+34	0.884767
2.625e+34	0.882379
2.65e+34	0.879989
2.675e+34	0.877595
2.7e+34	0.8752
2.725e+34	0.872802
2.75e+34	0.870403
2.775e+34	0.868004
2.8e+34	0.865604
2.825e+34	0.863203
2.85e+34	0.860803
2.875e+34	0.858403
2.9e+34	0.856005
2.925e+34	0.853607
2.95e+34	0.851212
2.975e+34	0.848818
3e+34	0.846426
3.025e+34	0.844037
3.05e+34	0.841651
3.075e+34	0.839268
3.1e+34	0.836888
3.125e+34	0.834511
3.15e+34	0.832139
3.175e+34	0.82977
3.2e+34	0.827406
3.225e+34	0.825046
3.25e+34	0.822691
3.275e+34	0.820341
3.3e+34	0.817996
3.325e+34	0.815656
3.35e+34	0.813321
3.375e+34	0.810992
3.4e+34	0.808669
3.425e+34	0.806352
3.45e+34	0.80404
3.475e+34	0.801735
3.5e+34	0.799436
3.525e+34	0.797144
3.55e+34	0.794858
3.575e+34	0.792579
3.6e+34	0.790307
3.625e+34	0.788041
3.65e+34	0.785783
3.675e+34	0.783531
3.7e+34	0.781287
3.725e+34	0.77905
3.75e+34	0.77682
3.775e+34	0.774598
3.8e+34	0.772383
3.825e+34	0.770176
3.85e+34	0.767976
3.875e+34	0.765784
3.9e+34	0.7636
3.925e+34	0.761424
3.95e+34	0.759255
3.975e+34	0.757094
4e+34	0.754941
4.025e+34	0.752796
4.05e+34	0.75066
4.075e+34	0.748531
4.1e+34	0.74641
4.125e+34	0.744297
4.15e+34	0.742192
4.175e+34	0.740096
4.2e+34	0.738008
4.225e+34	0.735927
4.25e+34	0.733855
4.275e+34	0.731792
4.3e+34	0.729736
4.325e+34	0.727689
4.35e+34	0.72565
4.375e+34	0.723619
4.4e+34	0.721596
4.425e+34	0.719582
4.45e+34	0.717576
4.475e+34	0.715578
4.5e+34	0.713589
4.525e+34	0.711607
4.55e+34	0.709634
4.575e+34	0.707669
4.6e+34	0.705713
4.625e+34	0.703765
4.65e+34	0.701824
4.675e+34	0.699893
4.7e+34	0.697969
4.725e+34	0.696053
4.75e+34	0.694146
4.775e+34	0.692247
4.8e+34	0.690356
4.825e+34	0.688473
4.85e+34	0.686598
4.875e+34	0.684731
4.9e+34	0.682872
4.925e+34	0.681021
4.95e+34	0.679179
4.975e+34	0.677344
5e+34	0.675517
5.025e+34	0.673699
5.05e+34	0.671888
5.075e+34	0.670085
5.1e+34	0.66829
5.125e+34	0.666503
5.15e+34	0.664723
5.175e+34	0.662952
5.2e+34	0.661188
5.225e+34	0.659432
5.25e+34	0.657684
5.275e+34	0.655943
5.3e+34	0.65421
5.325e+34	0.652485
5.35e+34	0.650768
5.375e+34	0.649057
5.4e+34	0.647355
5.425e+34	0.64566
5.45e+34	0.643972
5.475e+34	0.642292
5.5e+34	0.64062
5.525e+34	0.638954
5.55e+34	0.637297
5.575e+34	0.635646
5.6e+34	0.634003
5.625e+34	0.632367
5.65e+34	0.630738
5.675e+34	0.629117
5.7e+34	0.627502
5.725e+34	0.625895
5.75e+34	0.624295
5.775e+34	0.622702
5.8e+34	0.621116
5.825e+34	0.619537
5.85e+34	0.617965
5.875e+34	0.6164
5.9e+34	0.614842
5.925e+34	0.61329
5.95e+34	0.611746
5.975e+34	0.610208
6e+34	0.608678
6.025e+34	0.607154
6.05e+34	0.605636
6.075e+34	0.604125
6.1e+34	0.602621
6.125e+34	0.601124
6.15e+34	0.599633
6.175e+34	0.598149
6.2e+34	0.596671
6.225e+34	0.5952
6.25e+34	0.593735
6.275e+34	0.592277
6.3e+34	0.590825
6.325e+34	0.589379
6.35e+34	0.58794
6.375e+34	0.586506
6.4e+34	0.58508
6.425e+34	0.583659
6.45e+34	0.582245
6.475e+34	0.580836
6.5e+34	0.579434
6.525e+34	0.578038
6.55e+34	0.576648
6.575e+34	0.575264
6.6e+34	0.573886
6.625e+34	0.572514
6.65e+34	0.571148
6.675e+34	0.569788
6.7e+34	0.568434
6.725e+34	0.567085
6.75e+34	0.565743
6.775e+34	0.564406
6.8e+34	0.563075
6.825e+34	0.561749
6.85e+34	0.56043
6.875e+34	0.559116
6.9e+34	0.557807
6.925e+34	0.556504
6.95e+34	0.555207
6.975e+34	0.553915
7e+34	0.552629
7.025e+34	0.551348
7.05e+34	0.550073
7.075e+34	0.548803
7.1e+34	0.547539
7.125e+34	0.54628
7.15e+34	0.545026
7.175e+34	0.543777
7.2e+34	0.542534
7.225e+34	0.541296
7.25e+34	0.540063
7.275e+34	0.538835
7.3e+34	0.537613
7.325e+34	0.536396
7.35e+34	0.535183
7.375e+34	0.533976
7.4e+34	0.532774
7.425e+34	0.531577
7.45e+34	0.530385
7.475e+34	0.529198
7.5e+34	0.528015
7.525e+34	0.526838
7.55e+34	0.525665
7.575e+34	0.524498
7.6e+34	0.523335
7.625e+34	0.522177
7.65e+34	0.521024
7.675e+34	0.519875
7.7e+34	0.518732
7.725e+34	0.517593
7.75e+34	0.516458
7.775e+34	0.515329
7.8e+34	0.514203
7.825e+34	0.513083
7.85e+34	0.511967
7.875e+34	0.510856
7.9e+34	0.509749
7.925e+34	0.508646
7.95e+34	0.507548
7.975e+34	0.506455
8e+34	0.505366
8.025e+34	0.504281
8.05e+34	0.503201
8.075e+34	0.502125
8.1e+34	0.501053
8.125e+34	0.499986
8.15e+34	0.498923
8.175e+34	0.497864
8.2e+34	0.49681
8.225e+34	0.495759
8.25e+34	0.494713
8.275e+34	0.493671
8.3e+34	0.492633
8.325e+34	0.4916
8.35e+34	0.49057
8.375e+34	0.489545
8.4e+34	0.488523
8.425e+34	0.487506
8.45e+34	0.486492
8.475e+34	0.485483
8.5e+34	0.484477
8.525e+34	0.483476
8.55e+34	0.482478
8.575e+34	0.481484
8.6e+34	0.480494
8.625e+34	0.479508
8.65e+34	0.478526
8.675e+34	0.477548
8.7e+34	0.476573
8.725e+34	0.475602
8.75e+34	0.474635
8.775e+34	0.473672
8.8e+34	0.472713
8.825e+34	0.471757
8.85e+34	0.470804
8.875e+34	0.469856
8.9e+34	0.468911
8.925e+34	0.46797
8.95e+34	0.467032
8.975e+34	0.466098
9e+34	0.465167
9.025e+34	0.46424
9.05e+34	0.463317
9.075e+34	0.462397
9.1e+34	0.46148
9.125e+34	0.460567
9.15e+34	0.459658
9.175e+34	0.458752
9.2e+34	0.457849
9.225e+34	0.45695
9.25e+34	0.456054
9.275e+34	0.455161
9.3e+34	0.454272
9.325e+34	0.453386
9.35e+34	0.452503
9.375e+34	0.451624
9.4e+34	0.450748
9.425e+34	0.449875
9.45e+34	0.449005
9.475e+34	0.448139
9.5e+34	0.447276
9.525e+34	0.446416
9.55e+34	0.445559
9.575e+34	0.444706
9.6e+34	0.443855
9.625e+34	0.443008
9.65e+34	0.442163
9.675e+34	0.441322
9.7e+34	0.440484
9.725e+34	0.439649
9.75e+34	0.438817
9.775e+34	0.437988
9.8e+34	0.437162
9.825e+34	0.436339
9.85e+34	0.435519
9.875e+34	0.434702
9.9e+34	0.433888
9.925e+34	0.433077
9.95e+34	0.432269
9.975e+34	0.431463
1e+35	0.430661
1.0025e+35	0.429861
1.005e+35	0.429064
1.0075e+35	0.428271
1.01e+35	0.42748
1.0125e+35	0.426691
1.015e+35	0.425906
1.0175e+35	0.425123
1.02e+35	0.424343
1.0225e+35	0.423566
1.025e+35	0.422792
1.0275e+35	0.42202
1.03e+35	0.421252
1.0325e+35	0.420485
1.035e+35	0.419722
1.0375e+35	0.418961
1.04e+35	0.418203
1.0425e+35	0.417447
1.045e+35	0.416694
1.0475e+35	0.415944
1.05e+35	0.415197
1.0525e+35	0.414452
1.055e+35	0.413709
1.0575e+35	0.412969
1.06e+35	0.412232
1.0625e+35	0.411497
1.065e+35	0.410765
1.0675e+35	0.410035
1.07e+35	0.409308
1.0725e+35	0.408583
1.075e+35	0.407861
1.0775e+35	0.407141
1.08e+35	0.406424
1.0825e+35	0.405709
1.085e+35	0.404997
1.0875e+35	0.404287
1.09e+35	0.403579
1.0925e+35	0.402874
1.095e+35	0.402171
1.0975e+35	0.401471
1.1e+35	0.400773
