0.1	7.69822e+32
0.2	1.52749e+33
0.3	2.27419e+33
0.4	3.01081e+33
0.5	3.73806e+33
0.6	4.45655e+33
0.7	5.16681e+33
0.8	5.86927e+33
0.9	6.56436e+33
1	7.25243e+33
1.1	7.93379e+33
1.2	8.60875e+33
1.3	9.27758e+33
1.4	9.94051e+33
1.5	1.05978e+34
1.6	1.12496e+34
1.7	1.18961e+34
1.8	1.25376e+34
1.9	1.31742e+34
2	1.3806e+34
2.1	1.44332e+34
2.2	1.50559e+34
2.3	1.56743e+34
2.4	1.62884e+34
2.5	1.68985e+34
2.6	1.75046e+34
2.7	1.81068e+34
2.8	1.87052e+34
2.9	1.92999e+34
3	1.9891e+34
3.1	2.04786e+34
3.2	2.10628e+34
3.3	2.16436e+34
3.4	2.22212e+34
3.5	2.27955e+34
3.6	2.33667e+34
3.7	2.39348e+34
3.8	2.44999e+34
3.9	2.50621e+34
4	2.56213e+34
4.1	2.61778e+34
4.2	2.67314e+34
4.3	2.72823e+34
4.4	2.78306e+34
4.5	2.83762e+34
4.6	2.89192e+34
4.7	2.94597e+34
4.8	2.99977e+34
4.9	3.05333e+34
5	3.10664e+34
5.1	3.15972e+34
5.2	3.21257e+34
5.3	3.26518e+34
5.4	3.31757e+34
5.5	3.36974e+34
5.6	3.42169e+34
5.7	3.47342e+34
5.8	3.52494e+34
5.9	3.57625e+34
6	3.62735e+34
6.1	3.67826e+34
6.2	3.72896e+34
6.3	3.77946e+34
6.4	3.82977e+34
6.5	3.87989e+34
6.6	3.92981e+34
6.7	3.97955e+34
6.8	4.02911e+34
6.9	4.07848e+34
7	4.12768e+34
7.1	4.17669e+34
7.2	4.22553e+34
7.3	4.2742e+34
7.4	4.3227e+34
7.5	4.37102e+34
7.6	4.41919e+34
7.7	4.46718e+34
7.8	4.51501e+34
7.9	4.56269e+34
8	4.6102e+34
8.1	4.65755e+34
8.2	4.70475e+34
8.3	4.7518e+34
8.4	4.79869e+34
8.5	4.84544e+34
8.6	4.89203e+34
8.7	4.93848e+34
8.8	4.98478e+34
8.9	5.03094e+34
9	5.07695e+34
9.1	5.12283e+34
9.2	5.16856e+34
9.3	5.21416e+34
9.4	5.25962e+34
9.5	5.30494e+34
9.6	5.35013e+34
9.7	5.39519e+34
9.8	5.44011e+34
9.9	5.48491e+34
10	5.52958e+34
10.1	5.57412e+34
10.2	5.61853e+34
10.3	5.66281e+34
10.4	5.70698e+34
10.5	5.75102e+34
10.6	5.79494e+34
10.7	5.83873e+34
10.8	5.88241e+34
10.9	5.92597e+34
11	5.96941e+34
11.1	6.01274e+34
11.2	6.05595e+34
11.3	6.09904e+34
11.4	6.14202e+34
11.5	6.18489e+34
11.6	6.22765e+34
11.7	6.2703e+34
11.8	6.31284e+34
11.9	6.35526e+34
12	6.39759e+34
12.1	6.4398e+34
12.2	6.48191e+34
12.3	6.52391e+34
12.4	6.56581e+34
12.5	6.6076e+34
12.6	6.6493e+34
12.7	6.69089e+34
12.8	6.73238e+34
12.9	6.77377e+34
13	6.81506e+34
13.1	6.85625e+34
13.2	6.89734e+34
13.3	6.93834e+34
13.4	6.97924e+34
13.5	7.02004e+34
13.6	7.06075e+34
13.7	7.10136e+34
13.8	7.14188e+34
13.9	7.18231e+34
14	7.22264e+34
14.1	7.26289e+34
14.2	7.30304e+34
14.3	7.3431e+34
14.4	7.38308e+34
14.5	7.42296e+34
14.6	7.46276e+34
14.7	7.50246e+34
14.8	7.54209e+34
14.9	7.58162e+34
15	7.62107e+34
15.1	7.66043e+34
15.2	7.69971e+34
15.3	7.7389e+34
15.4	7.77801e+34
15.5	7.81704e+34
15.6	7.85599e+34
15.7	7.89485e+34
15.8	7.93363e+34
15.9	7.97233e+34
16	8.01095e+34
16.1	8.04949e+34
16.2	8.08795e+34
16.3	8.12634e+34
16.4	8.16464e+34
16.5	8.20287e+34
16.6	8.24102e+34
16.7	8.27909e+34
16.8	8.31709e+34
16.9	8.35501e+34
17	8.39285e+34
17.1	8.43062e+34
17.2	8.46832e+34
17.3	8.50594e+34
17.4	8.54349e+34
17.5	8.58097e+34
17.6	8.61837e+34
17.7	8.6557e+34
17.8	8.69296e+34
17.9	8.73015e+34
18	8.76726e+34
18.1	8.80431e+34
18.2	8.84129e+34
18.3	8.87819e+34
18.4	8.91503e+34
18.5	8.9518e+34
18.6	8.9885e+34
18.7	9.02513e+34
18.8	9.0617e+34
18.9	9.0982e+34
19	9.13463e+34
19.1	9.17099e+34
19.2	9.20729e+34
19.3	9.24352e+34
19.4	9.27969e+34
19.5	9.31579e+34
19.6	9.35183e+34
19.7	9.38781e+34
19.8	9.42372e+34
19.9	9.45956e+34
20	9.49535e+34
20.1	9.53107e+34
20.2	9.56672e+34
20.3	9.60232e+34
20.4	9.63785e+34
20.5	9.67332e+34
20.6	9.70874e+34
20.7	9.74409e+34
20.8	9.77938e+34
20.9	9.81461e+34
21	9.84978e+34
21.1	9.88489e+34
21.2	9.91994e+34
21.3	9.95493e+34
21.4	9.98986e+34
21.5	1.00247e+35
21.6	1.00596e+35
21.7	1.00943e+35
21.8	1.0129e+35
21.9	1.01637e+35
22	1.01982e+35
22.1	1.02328e+35
22.2	1.02673e+35
22.3	1.03017e+35
22.4	1.0336e+35
22.5	1.03703e+35
22.6	1.04046e+35
22.7	1.04388e+35
22.8	1.04729e+35
22.9	1.0507e+35
23	1.05411e+35
23.1	1.0575e+35
23.2	1.0609e+35
23.3	1.06428e+35
23.4	1.06767e+35
23.5	1.07104e+35
23.6	1.07442e+35
23.7	1.07778e+35
23.8	1.08114e+35
23.9	1.0845e+35
24	1.08785e+35
24.1	1.0912e+35
24.2	1.09454e+35
24.3	1.09787e+35
24.4	1.1012e+35
24.5	1.10453e+35
24.6	1.10785e+35
24.7	1.11116e+35
24.8	1.11447e+35
24.9	1.11778e+35
25	1.12108e+35
