0.1	6.60897e+32
0.2	1.24543e+33
0.3	1.80672e+33
0.4	2.34945e+33
0.5	2.87607e+33
0.6	3.38828e+33
0.7	3.88744e+33
0.8	4.37464e+33
0.9	4.8508e+33
1	5.31673e+33
1.1	5.7731e+33
1.2	6.22053e+33
1.3	6.65955e+33
1.4	7.09064e+33
1.5	7.51425e+33
1.6	7.93074e+33
1.7	8.34049e+33
1.8	8.74382e+33
1.9	9.14102e+33
2	9.53236e+33
2.1	9.9181e+33
2.2	1.02985e+34
2.3	1.06737e+34
2.4	1.10439e+34
2.5	1.14094e+34
2.6	1.17703e+34
2.7	1.21268e+34
2.8	1.2479e+34
2.9	1.2827e+34
3	1.31711e+34
3.1	1.35113e+34
3.2	1.38477e+34
3.3	1.41806e+34
3.4	1.45098e+34
3.5	1.48357e+34
3.6	1.51583e+34
3.7	1.54776e+34
3.8	1.57937e+34
3.9	1.61069e+34
4	1.6417e+34
4.1	1.67242e+34
4.2	1.70286e+34
4.3	1.73303e+34
4.4	1.76292e+34
4.5	1.79255e+34
4.6	1.82193e+34
4.7	1.85105e+34
4.8	1.87993e+34
4.9	1.90857e+34
5	1.93698e+34
5.1	1.96515e+34
5.2	1.9931e+34
5.3	2.02083e+34
5.4	2.04835e+34
5.5	2.07565e+34
5.6	2.10275e+34
5.7	2.12965e+34
5.8	2.15634e+34
5.9	2.18284e+34
6	2.20915e+34
6.1	2.23527e+34
6.2	2.26121e+34
6.3	2.28696e+34
6.4	2.31254e+34
6.5	2.33794e+34
6.6	2.36317e+34
6.7	2.38823e+34
6.8	2.41312e+34
6.9	2.43785e+34
7	2.46242e+34
7.1	2.48683e+34
7.2	2.51109e+34
7.3	2.53519e+34
7.4	2.55914e+34
7.5	2.58294e+34
7.6	2.6066e+34
7.7	2.63011e+34
7.8	2.65348e+34
7.9	2.67671e+34
8	2.69981e+34
8.1	2.72276e+34
8.2	2.74559e+34
8.3	2.76828e+34
8.4	2.79084e+34
8.5	2.81327e+34
8.6	2.83558e+34
8.7	2.85776e+34
8.8	2.87982e+34
8.9	2.90176e+34
9	2.92357e+34
9.1	2.94527e+34
9.2	2.96685e+34
9.3	2.98832e+34
9.4	3.00967e+34
9.5	3.03091e+34
9.6	3.05204e+34
9.7	3.07306e+34
9.8	3.09397e+34
9.9	3.11477e+34
10	3.13547e+34
10.1	3.15606e+34
10.2	3.17655e+34
10.3	3.19694e+34
10.4	3.21723e+34
10.5	3.23741e+34
10.6	3.2575e+34
10.7	3.27749e+34
10.8	3.29738e+34
10.9	3.31718e+34
11	3.33689e+34
11.1	3.3565e+34
11.2	3.37602e+34
11.3	3.39544e+34
11.4	3.41478e+34
11.5	3.43403e+34
11.6	3.45319e+34
11.7	3.47226e+34
11.8	3.49124e+34
11.9	3.51014e+34
12	3.52896e+34
12.1	3.54769e+34
12.2	3.56634e+34
12.3	3.5849e+34
12.4	3.60338e+34
12.5	3.62179e+34
12.6	3.64011e+34
12.7	3.65835e+34
12.8	3.67652e+34
12.9	3.6946e+34
13	3.71262e+34
13.1	3.73055e+34
13.2	3.74841e+34
13.3	3.76619e+34
13.4	3.7839e+34
13.5	3.80154e+34
13.6	3.8191e+34
13.7	3.83659e+34
13.8	3.85401e+34
13.9	3.87136e+34
14	3.88864e+34
14.1	3.90585e+34
14.2	3.92299e+34
14.3	3.94006e+34
14.4	3.95707e+34
14.5	3.974e+34
14.6	3.99087e+34
14.7	4.00768e+34
14.8	4.02442e+34
14.9	4.04109e+34
15	4.0577e+34
15.1	4.07425e+34
15.2	4.09073e+34
15.3	4.10715e+34
15.4	4.12351e+34
15.5	4.1398e+34
15.6	4.15604e+34
15.7	4.17221e+34
15.8	4.18832e+34
15.9	4.20437e+34
16	4.22037e+34
16.1	4.2363e+34
16.2	4.25218e+34
16.3	4.268e+34
16.4	4.28376e+34
16.5	4.29946e+34
16.6	4.31511e+34
16.7	4.3307e+34
16.8	4.34623e+34
16.9	4.36171e+34
17	4.37713e+34
17.1	4.3925e+34
17.2	4.40782e+34
17.3	4.42308e+34
17.4	4.43829e+34
17.5	4.45344e+34
17.6	4.46855e+34
17.7	4.4836e+34
17.8	4.49859e+34
17.9	4.51354e+34
18	4.52844e+34
18.1	4.54328e+34
18.2	4.55808e+34
18.3	4.57282e+34
18.4	4.58751e+34
18.5	4.60216e+34
18.6	4.61675e+34
18.7	4.6313e+34
18.8	4.6458e+34
18.9	4.66025e+34
19	4.67465e+34
19.1	4.68901e+34
19.2	4.70332e+34
19.3	4.71758e+34
19.4	4.7318e+34
19.5	4.74596e+34
19.6	4.76009e+34
19.7	4.77416e+34
19.8	4.7882e+34
19.9	4.80218e+34
20	4.81613e+34
20.1	4.83003e+34
20.2	4.84388e+34
20.3	4.85769e+34
20.4	4.87146e+34
20.5	4.88518e+34
20.6	4.89886e+34
20.7	4.9125e+34
20.8	4.92609e+34
20.9	4.93965e+34
21	4.95316e+34
21.1	4.96663e+34
21.2	4.98005e+34
21.3	4.99344e+34
21.4	5.00679e+34
21.5	5.02009e+34
21.6	5.03336e+34
21.7	5.04658e+34
21.8	5.05977e+34
21.9	5.07291e+34
22	5.08602e+34
22.1	5.09908e+34
22.2	5.11211e+34
22.3	5.1251e+34
22.4	5.13805e+34
22.5	5.15096e+34
22.6	5.16383e+34
22.7	5.17667e+34
22.8	5.18947e+34
22.9	5.20223e+34
23	5.21495e+34
23.1	5.22763e+34
23.2	5.24028e+34
23.3	5.2529e+34
23.4	5.26547e+34
23.5	5.27801e+34
23.6	5.29052e+34
23.7	5.30298e+34
23.8	5.31542e+34
23.9	5.32781e+34
24	5.34018e+34
24.1	5.3525e+34
24.2	5.3648e+34
24.3	5.37705e+34
24.4	5.38928e+34
24.5	5.40146e+34
24.6	5.41362e+34
24.7	5.42574e+34
24.8	5.43783e+34
24.9	5.44988e+34
25	5.4619e+34
