0.1	7.74175e+32
0.2	1.37117e+33
0.3	1.90523e+33
0.4	2.39969e+33
0.5	2.86541e+33
0.6	3.30869e+33
0.7	3.73363e+33
0.8	4.14313e+33
0.9	4.53932e+33
1	4.92384e+33
1.1	5.298e+33
1.2	5.66283e+33
1.3	6.01922e+33
1.4	6.36788e+33
1.5	6.70946e+33
1.6	7.04447e+33
1.7	7.37338e+33
1.8	7.6966e+33
1.9	8.01449e+33
2	8.32736e+33
2.1	8.63551e+33
2.2	8.9392e+33
2.3	9.23864e+33
2.4	9.53406e+33
2.5	9.82565e+33
2.6	1.01136e+34
2.7	1.0398e+34
2.8	1.06791e+34
2.9	1.0957e+34
3	1.12318e+34
3.1	1.15037e+34
3.2	1.17727e+34
3.3	1.20389e+34
3.4	1.23026e+34
3.5	1.25636e+34
3.6	1.28222e+34
3.7	1.30784e+34
3.8	1.33323e+34
3.9	1.35839e+34
4	1.38334e+34
4.1	1.40807e+34
4.2	1.4326e+34
4.3	1.45693e+34
4.4	1.48106e+34
4.5	1.50501e+34
4.6	1.52877e+34
4.7	1.55235e+34
4.8	1.57576e+34
4.9	1.599e+34
5	1.62207e+34
5.1	1.64498e+34
5.2	1.66773e+34
5.3	1.69033e+34
5.4	1.71277e+34
5.5	1.73507e+34
5.6	1.75722e+34
5.7	1.77923e+34
5.8	1.8011e+34
5.9	1.82283e+34
6	1.84443e+34
6.1	1.8659e+34
6.2	1.88724e+34
6.3	1.90846e+34
6.4	1.92955e+34
6.5	1.95052e+34
6.6	1.97137e+34
6.7	1.99211e+34
6.8	2.01273e+34
6.9	2.03324e+34
7	2.05364e+34
7.1	2.07393e+34
7.2	2.09411e+34
7.3	2.11419e+34
7.4	2.13416e+34
7.5	2.15404e+34
7.6	2.17381e+34
7.7	2.19348e+34
7.8	2.21306e+34
7.9	2.23254e+34
8	2.25193e+34
8.1	2.27123e+34
8.2	2.29043e+34
8.3	2.30955e+34
8.4	2.32857e+34
8.5	2.34751e+34
8.6	2.36636e+34
8.7	2.38513e+34
8.8	2.40382e+34
8.9	2.42242e+34
9	2.44094e+34
9.1	2.45938e+34
9.2	2.47774e+34
9.3	2.49603e+34
9.4	2.51423e+34
9.5	2.53236e+34
9.6	2.55042e+34
9.7	2.5684e+34
9.8	2.58631e+34
9.9	2.60414e+34
10	2.62191e+34
10.1	2.6396e+34
10.2	2.65722e+34
10.3	2.67478e+34
10.4	2.69227e+34
10.5	2.70969e+34
10.6	2.72704e+34
10.7	2.74433e+34
10.8	2.76155e+34
10.9	2.77871e+34
11	2.7958e+34
11.1	2.81283e+34
11.2	2.8298e+34
11.3	2.84671e+34
11.4	2.86356e+34
11.5	2.88035e+34
11.6	2.89707e+34
11.7	2.91374e+34
11.8	2.93035e+34
11.9	2.94691e+34
12	2.9634e+34
12.1	2.97984e+34
12.2	2.99623e+34
12.3	3.01256e+34
12.4	3.02883e+34
12.5	3.04505e+34
12.6	3.06122e+34
12.7	3.07733e+34
12.8	3.09339e+34
12.9	3.1094e+34
13	3.12535e+34
13.1	3.14126e+34
13.2	3.15711e+34
13.3	3.17292e+34
13.4	3.18867e+34
13.5	3.20438e+34
13.6	3.22004e+34
13.7	3.23564e+34
13.8	3.2512e+34
13.9	3.26672e+34
14	3.28218e+34
14.1	3.2976e+34
14.2	3.31298e+34
14.3	3.3283e+34
14.4	3.34358e+34
14.5	3.35882e+34
14.6	3.37401e+34
14.7	3.38916e+34
14.8	3.40426e+34
14.9	3.41932e+34
15	3.43434e+34
15.1	3.44932e+34
15.2	3.46425e+34
15.3	3.47914e+34
15.4	3.49398e+34
15.5	3.50879e+34
15.6	3.52356e+34
15.7	3.53828e+34
15.8	3.55296e+34
15.9	3.56761e+34
16	3.58221e+34
16.1	3.59678e+34
16.2	3.6113e+34
16.3	3.62579e+34
16.4	3.64024e+34
16.5	3.65465e+34
16.6	3.66902e+34
16.7	3.68335e+34
16.8	3.69765e+34
16.9	3.71191e+34
17	3.72613e+34
17.1	3.74031e+34
17.2	3.75446e+34
17.3	3.76857e+34
17.4	3.78265e+34
17.5	3.79669e+34
17.6	3.8107e+34
17.7	3.82467e+34
17.8	3.83861e+34
17.9	3.85251e+34
18	3.86638e+34
18.1	3.88021e+34
18.2	3.89401e+34
18.3	3.90777e+34
18.4	3.92151e+34
18.5	3.9352e+34
18.6	3.94887e+34
18.7	3.9625e+34
18.8	3.9761e+34
18.9	3.98967e+34
19	4.00321e+34
19.1	4.01671e+34
19.2	4.03019e+34
19.3	4.04363e+34
19.4	4.05704e+34
19.5	4.07042e+34
19.6	4.08377e+34
19.7	4.09708e+34
19.8	4.11037e+34
19.9	4.12363e+34
20	4.13685e+34
20.1	4.15005e+34
20.2	4.16322e+34
20.3	4.17636e+34
20.4	4.18946e+34
20.5	4.20254e+34
20.6	4.21559e+34
20.7	4.22862e+34
20.8	4.24161e+34
20.9	4.25457e+34
21	4.26751e+34
21.1	4.28042e+34
21.2	4.2933e+34
21.3	4.30615e+34
21.4	4.31897e+34
21.5	4.33177e+34
21.6	4.34454e+34
21.7	4.35729e+34
21.8	4.37e+34
21.9	4.38269e+34
22	4.39535e+34
22.1	4.40799e+34
22.2	4.4206e+34
22.3	4.43318e+34
22.4	4.44574e+34
22.5	4.45827e+34
22.6	4.47078e+34
22.7	4.48326e+34
22.8	4.49571e+34
22.9	4.50814e+34
23	4.52055e+34
23.1	4.53293e+34
23.2	4.54528e+34
23.3	4.55761e+34
23.4	4.56992e+34
23.5	4.5822e+34
23.6	4.59445e+34
23.7	4.60668e+34
23.8	4.61889e+34
23.9	4.63108e+34
24	4.64324e+34
24.1	4.65537e+34
24.2	4.66749e+34
24.3	4.67957e+34
24.4	4.69164e+34
24.5	4.70368e+34
24.6	4.7157e+34
24.7	4.7277e+34
24.8	4.73967e+34
24.9	4.75162e+34
25	4.76355e+34
