0.1	1.00268e+33
0.2	1.98715e+33
0.3	2.95535e+33
0.4	3.90871e+33
0.5	4.84837e+33
0.6	5.77531e+33
0.7	6.69033e+33
0.8	7.59415e+33
0.9	8.4874e+33
1	9.37063e+33
1.1	1.02443e+34
1.2	1.1109e+34
1.3	1.19649e+34
1.4	1.28126e+34
1.5	1.36523e+34
1.6	1.44844e+34
1.7	1.53091e+34
1.8	1.61268e+34
1.9	1.69376e+34
2	1.77418e+34
2.1	1.85396e+34
2.2	1.93313e+34
2.3	2.0117e+34
2.4	2.08969e+34
2.5	2.16711e+34
2.6	2.24399e+34
2.7	2.32033e+34
2.8	2.39616e+34
2.9	2.47149e+34
3	2.54632e+34
3.1	2.62067e+34
3.2	2.69456e+34
3.3	2.768e+34
3.4	2.84098e+34
3.5	2.91354e+34
3.6	2.98566e+34
3.7	3.05738e+34
3.8	3.12868e+34
3.9	3.19959e+34
4	3.27011e+34
4.1	3.34025e+34
4.2	3.41001e+34
4.3	3.47941e+34
4.4	3.54845e+34
4.5	3.61713e+34
4.6	3.68547e+34
4.7	3.75347e+34
4.8	3.82114e+34
4.9	3.88847e+34
5	3.95549e+34
5.1	4.02219e+34
5.2	4.08858e+34
5.3	4.15466e+34
5.4	4.22045e+34
5.5	4.28594e+34
5.6	4.35113e+34
5.7	4.41604e+34
5.8	4.48067e+34
5.9	4.54502e+34
6	4.6091e+34
6.1	4.67291e+34
6.2	4.73645e+34
6.3	4.79973e+34
6.4	4.86275e+34
6.5	4.92552e+34
6.6	4.98804e+34
6.7	5.05031e+34
6.8	5.11234e+34
6.9	5.17413e+34
7	5.23568e+34
7.1	5.297e+34
7.2	5.35808e+34
7.3	5.41894e+34
7.4	5.47958e+34
7.5	5.53999e+34
7.6	5.60018e+34
7.7	5.66015e+34
7.8	5.71991e+34
7.9	5.77946e+34
8	5.8388e+34
8.1	5.89794e+34
8.2	5.95687e+34
8.3	6.0156e+34
8.4	6.07413e+34
8.5	6.13246e+34
8.6	6.1906e+34
8.7	6.24854e+34
8.8	6.3063e+34
8.9	6.36387e+34
9	6.42125e+34
9.1	6.47844e+34
9.2	6.53546e+34
9.3	6.59229e+34
9.4	6.64894e+34
9.5	6.70542e+34
9.6	6.76173e+34
9.7	6.81786e+34
9.8	6.87382e+34
9.9	6.92961e+34
10	6.98523e+34
10.1	7.04068e+34
10.2	7.09597e+34
10.3	7.1511e+34
10.4	7.20607e+34
10.5	7.26088e+34
10.6	7.31552e+34
10.7	7.37002e+34
10.8	7.42435e+34
10.9	7.47853e+34
11	7.53256e+34
11.1	7.58644e+34
11.2	7.64017e+34
11.3	7.69375e+34
11.4	7.74719e+34
11.5	7.80048e+34
11.6	7.85362e+34
11.7	7.90662e+34
11.8	7.95948e+34
11.9	8.0122e+34
12	8.06478e+34
12.1	8.11722e+34
12.2	8.16952e+34
12.3	8.22169e+34
12.4	8.27372e+34
12.5	8.32562e+34
12.6	8.37738e+34
12.7	8.42902e+34
12.8	8.48052e+34
12.9	8.53189e+34
13	8.58314e+34
13.1	8.63426e+34
13.2	8.68525e+34
13.3	8.73612e+34
13.4	8.78686e+34
13.5	8.83748e+34
13.6	8.88798e+34
13.7	8.93835e+34
13.8	8.98861e+34
13.9	9.03874e+34
14	9.08876e+34
14.1	9.13866e+34
14.2	9.18844e+34
14.3	9.2381e+34
14.4	9.28765e+34
14.5	9.33709e+34
14.6	9.38641e+34
14.7	9.43562e+34
14.8	9.48472e+34
14.9	9.5337e+34
15	9.58258e+34
15.1	9.63135e+34
15.2	9.68e+34
15.3	9.72855e+34
15.4	9.77699e+34
15.5	9.82533e+34
15.6	9.87356e+34
15.7	9.92169e+34
15.8	9.96971e+34
15.9	1.00176e+35
16	1.00654e+35
16.1	1.01131e+35
16.2	1.01608e+35
16.3	1.02083e+35
16.4	1.02557e+35
16.5	1.0303e+35
16.6	1.03502e+35
16.7	1.03973e+35
16.8	1.04443e+35
16.9	1.04912e+35
17	1.05381e+35
17.1	1.05848e+35
17.2	1.06314e+35
17.3	1.0678e+35
17.4	1.07244e+35
17.5	1.07707e+35
17.6	1.0817e+35
17.7	1.08632e+35
17.8	1.09092e+35
17.9	1.09552e+35
18	1.10011e+35
18.1	1.10469e+35
18.2	1.10926e+35
18.3	1.11382e+35
18.4	1.11838e+35
18.5	1.12292e+35
18.6	1.12746e+35
18.7	1.13199e+35
18.8	1.1365e+35
18.9	1.14102e+35
19	1.14552e+35
19.1	1.15001e+35
19.2	1.15449e+35
19.3	1.15897e+35
19.4	1.16344e+35
19.5	1.1679e+35
19.6	1.17235e+35
19.7	1.17679e+35
19.8	1.18123e+35
19.9	1.18566e+35
20	1.19007e+35
20.1	1.19449e+35
20.2	1.19889e+35
20.3	1.20328e+35
20.4	1.20767e+35
20.5	1.21205e+35
20.6	1.21642e+35
20.7	1.22079e+35
20.8	1.22514e+35
20.9	1.22949e+35
21	1.23383e+35
21.1	1.23817e+35
21.2	1.24249e+35
21.3	1.24681e+35
21.4	1.25112e+35
21.5	1.25543e+35
21.6	1.25972e+35
21.7	1.26401e+35
21.8	1.26829e+35
21.9	1.27257e+35
22	1.27683e+35
22.1	1.28109e+35
22.2	1.28535e+35
22.3	1.28959e+35
22.4	1.29383e+35
22.5	1.29806e+35
22.6	1.30229e+35
22.7	1.30651e+35
22.8	1.31072e+35
22.9	1.31492e+35
23	1.31912e+35
23.1	1.32331e+35
23.2	1.32749e+35
23.3	1.33167e+35
23.4	1.33584e+35
23.5	1.34e+35
23.6	1.34416e+35
23.7	1.34831e+35
23.8	1.35245e+35
23.9	1.35659e+35
24	1.36072e+35
24.1	1.36484e+35
24.2	1.36896e+35
24.3	1.37307e+35
24.4	1.37718e+35
24.5	1.38128e+35
24.6	1.38537e+35
24.7	1.38945e+35
24.8	1.39353e+35
24.9	1.39761e+35
25	1.40167e+35
